[{"id": 0, "img_name": "0001.jpg", "width": 640, "height": 1137, "position": [1.0753588626507453, 0.5055806626363867, -3.3244572459846036], "rotation": [[0.9748290431528343, -0.10512148451601573, -0.19661589487851325], [0.11507898133663418, 0.9925549985337365, 0.03989239200921236], [0.19095854178394875, -0.0615146192286283, 0.9796687128519033]], "fy": 978.5661951873035, "fx": 978.5661951873038}, {"id": 1, "img_name": "0002.jpg", "width": 640, "height": 1137, "position": [1.0672041593390846, 0.5034723782553912, -3.3243427817475637], "rotation": [[0.975760415729644, -0.10594500040696046, -0.19148699168319788], [0.11505609140175153, 0.9926669413397604, 0.03707343256992007], [0.18615506151180455, -0.05820653279429859, 0.9807947250131408]], "fy": 979.0909922614624, "fx": 979.0909922614624}, {"id": 2, "img_name": "0003.jpg", "width": 640, "height": 1137, "position": [1.0526889011152816, 0.503812548730249, -3.333831999289365], "rotation": [[0.9771016899566459, -0.10931443302732119, -0.18254490465576423], [0.11725676399324961, 0.992544351653095, 0.03326501614862706], [0.17754756765919974, -0.05390792829864982, 0.9826346200317031]], "fy": 978.20475971377, "fx": 978.2047597137699}, {"id": 3, "img_name": "0004.jpg", "width": 640, "height": 1137, "position": [1.003828929794283, 0.5047481575745154, -3.3337920012590803], "rotation": [[0.9784660628864315, -0.11733914630940732, -0.16981074324937537], [0.1242802247220297, 0.9917689283783215, 0.03080289672023794], [0.16479863325454974, -0.05124370641059585, 0.9849951741154558]], "fy": 979.026342409092, "fx": 979.0263424090921}, {"id": 4, "img_name": "0005.jpg", "width": 640, "height": 1137, "position": [0.8782384456124768, 0.4840788088439785, -3.32276305963335], "rotation": [[0.9799469414913565, -0.13109265680142151, -0.1500623443588709], [0.13703483897171573, 0.9901141978474787, 0.029922034169484416], [0.14465629875581498, -0.049885775062522154, 0.9882236410229618]], "fy": 978.362751935191, "fx": 978.362751935191}, {"id": 5, "img_name": "0006.jpg", "width": 640, "height": 1137, "position": [0.6921908865845905, 0.4506624130781237, -3.312992696925648], "rotation": [[0.9805074490220221, -0.15110365626206715, -0.12558991789376042], [0.1562826225064856, 0.9871806810989026, 0.03240439426377038], [0.11908351823330442, -0.051400271685484424, 0.9915528870190619]], "fy": 978.8609183164066, "fx": 978.8609183164065}, {"id": 6, "img_name": "0007.jpg", "width": 640, "height": 1137, "position": [0.5021244308408273, 0.34119444867623666, -3.2806928354987743], "rotation": [[0.9794093702268435, -0.1790740561647424, -0.09321892469109784], [0.18329958462009288, 0.9822885463579171, 0.038864816636018505], [0.08460820167075585, -0.055151555760074585, 0.9948868066806816]], "fy": 978.8927076603705, "fx": 978.8927076603707}, {"id": 7, "img_name": "0008.jpg", "width": 640, "height": 1137, "position": [0.2561159372434584, 0.203464503250114, -3.1343020270199142], "rotation": [[0.9754269257175737, -0.21324232152397032, -0.0554078053728046], [0.2159627795084074, 0.9751790109732128, 0.048846437171091994], [0.043616401183109436, -0.059612153696826625, 0.9972682691630471]], "fy": 979.8346972793131, "fx": 979.834697279313}, {"id": 8, "img_name": "0009.jpg", "width": 640, "height": 1137, "position": [-0.06322055656048924, -0.010011788728193808, -2.934012304671614], "rotation": [[0.9672800019634203, -0.25339802927745797, -0.012603037726909183], [0.2536779441303209, 0.9651541684682816, 0.06422563156648502], [-0.004110774070557986, -0.06532128172809071, 0.9978558170847832]], "fy": 981.7176796457401, "fx": 981.7176796457401}, {"id": 9, "img_name": "0014.jpg", "width": 640, "height": 1137, "position": [2.3820400005621916, -2.8029593024020265, 1.5187783517823534], "rotation": [[-0.6051400160414392, 0.4634188716549904, -0.6473395634281768], [-0.46499444109997673, 0.45426637394872804, 0.7598830378720098], [0.6462087361924836, 0.7608449322256736, -0.059407561598025654]], "fy": 1064.243804130679, "fx": 1064.243804130679}, {"id": 10, "img_name": "0015.jpg", "width": 640, "height": 1137, "position": [3.004784776681557, -2.203400191472207, 0.992489902837895], "rotation": [[-0.3509500744208834, 0.543789645143542, -0.7623167760836941], [-0.5353145184300551, 0.5514392986975495, 0.6398070538919941], [0.7682918791852316, 0.6326195710587963, 0.09757082910076105]], "fy": 1018.5162726627652, "fx": 1018.5162726627651}, {"id": 11, "img_name": "0016.jpg", "width": 640, "height": 1137, "position": [3.1001219011185936, -1.5688328853432798, 0.2346298672449546], "rotation": [[-0.08998334039115163, 0.5777247509396899, -0.8112565011164613], [-0.5567969122604526, 0.6461902528896083, 0.5219342444864964], [0.8257603750176414, 0.49867050165629107, 0.2635289999764484]], "fy": 1001.2373340006619, "fx": 1001.237334000662}, {"id": 12, "img_name": "0017.jpg", "width": 640, "height": 1137, "position": [3.2752406274030266, -1.3159048001482323, -0.2721348348860757], "rotation": [[0.10783674717162461, 0.5833112127173254, -0.8050585476086108], [-0.5538778879696877, 0.7077143085591509, 0.4385883521924416], [0.8255849569715286, 0.3986081867936062, 0.3994007914907438]], "fy": 997.3936037607326, "fx": 997.3936037607326}, {"id": 13, "img_name": "0018.jpg", "width": 640, "height": 1137, "position": [3.0676419038687968, -1.1022901133018526, -0.5018280466975608], "rotation": [[0.27621770085380976, 0.5833306921856903, -0.7638252976232184], [-0.5339453369462329, 0.7539506699383545, 0.3827019263772789], [0.7991283744733437, 0.3021319096912302, 0.5197212235977297]], "fy": 998.7511827487674, "fx": 998.7511827487673}, {"id": 14, "img_name": "0019.jpg", "width": 640, "height": 1137, "position": [2.424843867022979, -0.8206675908747886, -0.8292222617862894], "rotation": [[0.47398331374601854, 0.554796044626303, -0.6837698203031137], [-0.49793358187142045, 0.8093341704531267, 0.3115129990572569], [0.7262244600225476, 0.192819992230988, 0.6598624737481295]], "fy": 990.9187016484026, "fx": 990.9187016484028}, {"id": 15, "img_name": "0020.jpg", "width": 640, "height": 1137, "position": [2.0572151455531347, -0.7103854424715159, -1.400753605108642], "rotation": [[0.6463183204129833, 0.5077547093217174, -0.5696119590213664], [-0.42776704487553957, 0.8592440132883986, 0.2805620803788251], [0.6318923832560324, 0.062328811874322196, 0.7725458790216582]], "fy": 993.3067575094525, "fx": 993.3067575094524}, {"id": 16, "img_name": "0021.jpg", "width": 640, "height": 1129, "position": [-0.4535945950061107, 2.1934582235304014, -2.1537359179537354], "rotation": [[0.9905536766494393, -0.013821500379598676, 0.1364271959820884], [0.0410319139345777, 0.9791977041235211, -0.1987164771177531], [-0.1308426372217551, 0.2024372059836873, 0.970515008600266]], "fy": 1005.8291639449382, "fx": 1005.8291639449383}, {"id": 17, "img_name": "0022.jpg", "width": 640, "height": 1129, "position": [-0.4642675924871654, 2.2010155481896247, -2.177504077764118], "rotation": [[0.9866029579844726, -0.005336317367296901, 0.16305252838654466], [0.03877474497738618, 0.9784945335615363, -0.20259557483353474], [-0.15846489342509948, 0.2062037136114362, 0.9655925155284836]], "fy": 1006.8765236578821, "fx": 1006.8765236578823}, {"id": 18, "img_name": "0023.jpg", "width": 640, "height": 1129, "position": [-0.4926706675045327, 2.190724333220676, -2.1707884907743957], "rotation": [[0.9878678847869029, -0.00464058803827816, 0.1552272757904019], [0.03684859290445728, 0.9780121495511733, -0.2052666961083921], [-0.15086160349012628, 0.2084962835950617, 0.9663177926124695]], "fy": 1005.2262933215563, "fx": 1005.2262933215562}, {"id": 19, "img_name": "0024.jpg", "width": 640, "height": 1129, "position": [-0.49017444060828497, 2.1653859121461214, -2.1568404718558316], "rotation": [[0.9847396349498019, -9.268872381496587e-05, 0.17403402761451914], [0.036866300744028066, 0.9774166576652098, -0.20808064106980528], [-0.17008447086192677, 0.2113212453289322, 0.9625043397534617]], "fy": 1005.4116870680166, "fx": 1005.4116870680166}, {"id": 20, "img_name": "0025.jpg", "width": 640, "height": 1129, "position": [-0.5391983003250624, 2.0981595647027116, -2.078359297613442], "rotation": [[0.9795240131722375, 0.01044433718588684, 0.2010562693369731], [0.03164828764977746, 0.9782492403219315, -0.20500441385102156], [-0.1988242779637107, 0.20716983281914259, 0.9578880763752609]], "fy": 1005.0563756193283, "fx": 1005.0563756193286}, {"id": 21, "img_name": "0026.jpg", "width": 640, "height": 1129, "position": [-0.7160183266193287, 1.9030372327441463, -2.1317045973374626], "rotation": [[0.9713234332173954, 0.022185423559139123, 0.2367247242352891], [0.02408057316612955, 0.9813381641937782, -0.19077613449479436], [-0.23653945564907927, 0.19100579697560693, 0.9526625170767193]], "fy": 1005.5224741639884, "fx": 1005.5224741639882}, {"id": 22, "img_name": "0027.jpg", "width": 640, "height": 1129, "position": [-0.9438137575035701, 1.794030374429013, -2.1556304776599515], "rotation": [[0.9578608394784449, 0.02671391968281653, 0.28598772471703915], [0.02297925800611309, 0.985347242930372, -0.16900522048446587], [-0.28631200794786343, 0.1684552680823442, 0.9432116712383112]], "fy": 1002.543564652926, "fx": 1002.5435646529256}, {"id": 23, "img_name": "0028.jpg", "width": 640, "height": 1129, "position": [-1.273143614385138, 1.8191070310276862, -2.09830136243709], "rotation": [[0.9382013776541359, 0.020593407235505692, 0.34547660781348766], [0.036425828153482956, 0.9868081456409427, -0.15774296415376887], [-0.34416759581810524, 0.16057893783157523, 0.9250746298076001]], "fy": 998.4893023490617, "fx": 998.4893023490619}, {"id": 24, "img_name": "0029.jpg", "width": 640, "height": 1129, "position": [-1.592460101767988, 1.8261300783900376, -2.023630665611446], "rotation": [[0.914517744531282, 0.0021791341433136944, 0.404539919305626], [0.06332800898856447, 0.9868859835903148, -0.1484776706125248], [-0.3995583289270308, 0.16140417208784458, 0.9023867435959353]], "fy": 1003.2318964258187, "fx": 1003.2318964258185}, {"id": 25, "img_name": "0030.jpg", "width": 640, "height": 1129, "position": [-1.8629506857012237, 1.7909718525858145, -1.834763984874947], "rotation": [[0.8878593905061755, -0.023148115947728965, 0.4595322267459302], [0.09746856335501496, 0.985529996476589, -0.13867409708508657], [-0.44967274972752347, 0.16791304527321596, 0.877268275603058]], "fy": 994.0749248658439, "fx": 994.0749248658439}, {"id": 26, "img_name": "0031.jpg", "width": 640, "height": 1129, "position": [-2.162778038576066, 1.6447106000738956, -1.563546573646441], "rotation": [[0.8484433931757571, -0.05755965970026651, 0.5261470271241653], [0.1405587224226324, 0.9828786054606307, -0.11913392664847057], [-0.5102813480104137, 0.1750329469070189, 0.8420073713274249]], "fy": 999.2797796083437, "fx": 999.2797796083437}, {"id": 27, "img_name": "0032.jpg", "width": 640, "height": 1129, "position": [-2.5238051287639616, 1.3835275892684216, -1.2480312569551506], "rotation": [[0.7860032706031372, -0.10857579509833205, 0.6086133052439261], [0.1998433174302016, 0.9762263271503484, -0.08393334651396152], [-0.5850312018000946, 0.1875991868247463, 0.7890152330741343]], "fy": 999.8472409836024, "fx": 999.8472409836024}, {"id": 28, "img_name": "0033.jpg", "width": 640, "height": 1129, "position": [-2.871598042499082, 1.2159128659411849, -1.0364166262131755], "rotation": [[0.7277310000070734, -0.1473426637630733, 0.669849036025213], [0.2432516244350332, 0.9686103485365014, -0.051211716605819704], [-0.6412770375106398, 0.20021021987700616, 0.7407291198666204]], "fy": 997.8037204846446, "fx": 997.8037204846445}, {"id": 29, "img_name": "0034.jpg", "width": 640, "height": 1129, "position": [-3.1329585645179567, 0.9700908926740315, -0.7939985511938474], "rotation": [[0.665347833920839, -0.1860447239440405, 0.72297968200319], [0.2819996265896634, 0.9593310480373805, -0.012655073085188045], [-0.6912224464672267, 0.21230002582215282, 0.6907533775058758]], "fy": 995.7452516372932, "fx": 995.7452516372931}, {"id": 30, "img_name": "0035.jpg", "width": 640, "height": 1129, "position": [-3.277313410131794, 0.771258121461241, -0.44029285715450056], "rotation": [[0.5886084576828328, -0.22590116249735298, 0.7762143700850824], [0.31665790121988635, 0.9478665052180615, 0.035733204176448034], [-0.743819774635801, 0.2247615471294935, 0.629455629725164]], "fy": 995.4151967665598, "fx": 995.4151967665599}, {"id": 31, "img_name": "0036.jpg", "width": 640, "height": 1129, "position": [-3.391053643863216, 0.5718049562939272, -0.1180260591034138], "rotation": [[0.5071771339870784, -0.26588715313808486, 0.8198020349796514], [0.34305596005901745, 0.9348983180542654, 0.090982103554995], [-0.7906225161406919, 0.2350939316431426, 0.565373222107247]], "fy": 995.7173511561418, "fx": 995.7173511561416}, {"id": 32, "img_name": "0037.jpg", "width": 640, "height": 1129, "position": [-3.6011886335654633, 0.371029094685835, 0.16492710797035906], "rotation": [[0.4253159110301157, -0.3005254340744777, 0.8536924734932184], [0.3643393654793858, 0.9203055748763926, 0.1424586803726301], [-0.8284703993424878, 0.2504438306802135, 0.5009138499657594]], "fy": 994.6085156731268, "fx": 994.6085156731272}, {"id": 33, "img_name": "0038.jpg", "width": 640, "height": 1129, "position": [-3.676018409843978, 0.18048484141009422, 0.41369855803655337], "rotation": [[0.34170319972894114, -0.3334645324029512, 0.878658254911592], [0.381607160321899, 0.9036217522527628, 0.19453458316377326], [-0.8588450957454783, 0.2688291920252109, 0.43602289736780175]], "fy": 995.360578292642, "fx": 995.360578292642}, {"id": 34, "img_name": "0039.jpg", "width": 640, "height": 1129, "position": [-3.594855567588546, 0.045886640936879344, 0.701578163173474], "rotation": [[0.25425536074032756, -0.3636909961337037, 0.8961490226887935], [0.3930557656128558, 0.8854830490158142, 0.24784457836343496], [-0.8836636105743502, 0.2892207275368269, 0.3680896549887962]], "fy": 994.0099324307868, "fx": 994.0099324307868}, {"id": 35, "img_name": "0040.jpg", "width": 640, "height": 1129, "position": [-3.534903165312072, -0.1646137222269408, 1.0066527373986303], "rotation": [[0.15965989622116866, -0.3886444166163263, 0.9074493015984977], [0.3991123262438434, 0.8661760047414143, 0.3007465375535177], [-0.9028942732008405, 0.31415704073465694, 0.293406348223704]], "fy": 996.6066076043694, "fx": 996.6066076043692}, {"id": 36, "img_name": "0041.jpg", "width": 640, "height": 1129, "position": [-3.572468558527168, -0.36229937237383847, 1.386924060928601], "rotation": [[0.06417918128846412, -0.4067532090466644, 0.9112808895282416], [0.4012303853237702, 0.8466224103351987, 0.3496350557526479], [-0.9137260041074029, 0.3431942908156529, 0.2175372799532524]], "fy": 996.028830759944, "fx": 996.0288307599443}, {"id": 37, "img_name": "0042.jpg", "width": 640, "height": 1129, "position": [-3.6226130581461535, -0.5875215749434752, 1.6232730136414304], "rotation": [[-0.028859061407006118, -0.42135286803448935, 0.9064374855299271], [0.39783285439019356, 0.8270579444447058, 0.3971198515544761], [-0.9170039119559183, 0.37207111837659257, 0.14375989818977347]], "fy": 997.5443691292287, "fx": 997.5443691292287}, {"id": 38, "img_name": "0043.jpg", "width": 640, "height": 1129, "position": [-3.5410775360403886, -0.7630588273819572, 1.8675725832901768], "rotation": [[-0.12391396970673213, -0.4311218424260337, 0.8937445301061714], [0.39019944796468553, 0.8069566593058003, 0.4433569000366152], [-0.9123539438833888, 0.4036767357492932, 0.06823030188429186]], "fy": 998.1575069833975, "fx": 998.1575069833975}, {"id": 39, "img_name": "0044.jpg", "width": 640, "height": 1129, "position": [-3.3460072874700506, -0.8943776477800834, 2.1378681208330703], "rotation": [[-0.2294202372566098, -0.4382481755867201, 0.8690827873868127], [0.3698881356325781, 0.7866544194974647, 0.4943253902070599], [-0.9003050160114495, 0.4348716602401424, -0.01837164294791834]], "fy": 993.8059768586311, "fx": 993.805976858631}, {"id": 40, "img_name": "0045.jpg", "width": 640, "height": 1129, "position": [-3.2642437640851623, -1.1046401211873391, 2.3828443606933645], "rotation": [[-0.32371164261812346, -0.44321631360687824, 0.8359246806897167], [0.3453508876817093, 0.7671908324438573, 0.5405099360710742], [-0.8808765729720203, 0.46365668976822777, -0.09528345723281616]], "fy": 993.8698380072203, "fx": 993.8698380072204}, {"id": 41, "img_name": "0046.jpg", "width": 640, "height": 1129, "position": [-2.6425596954890285, -1.5885945760808184, 3.1639424171920525], "rotation": [[-0.5839705297612907, -0.4297888867688471, 0.6886653274126064], [0.2728251219952566, 0.6950880170890202, 0.6651459248221606], [-0.7645553434373414, 0.5763108200522085, -0.2886537121052841]], "fy": 996.8020295571265, "fx": 996.8020295571266}, {"id": 42, "img_name": "0047.jpg", "width": 640, "height": 1129, "position": [-2.352296410727609, -1.7000212008566644, 3.3389204229844633], "rotation": [[-0.6600873708125752, -0.412735910446383, 0.6276414032883243], [0.24429362227578244, 0.6721658742287886, 0.6989375248458375], [-0.7103557482058682, 0.6146886250372977, -0.34285945406337726]], "fy": 997.0518512581943, "fx": 997.0518512581945}, {"id": 43, "img_name": "0048.jpg", "width": 640, "height": 1129, "position": [-2.1247512807950075, -1.9070943673912906, 3.5446656192771155], "rotation": [[-0.7298012593971207, -0.3910981457225924, 0.5607426880439242], [0.2128819686752471, 0.6494279684416805, 0.7300168362569884], [-0.6496702157212741, 0.6521392138324925, -0.39069560604978765]], "fy": 997.1712353068697, "fx": 997.1712353068698}, {"id": 44, "img_name": "0049.jpg", "width": 640, "height": 1129, "position": [-1.914693902086829, -2.0873290828762467, 3.7749962983915113], "rotation": [[-0.7907248542798369, -0.364925507353463, 0.4915115246939261], [0.17811451042526144, 0.6310163421772989, 0.7550454271639232], [-0.5856871400330553, 0.6845785199580829, -0.43396177713238815]], "fy": 997.2729659706588, "fx": 997.2729659706587}, {"id": 45, "img_name": "0050.jpg", "width": 640, "height": 1129, "position": [-1.632628509435688, -2.1664186543023516, 3.9144094133152367], "rotation": [[-0.8455947851883988, -0.3339072888219528, 0.4165037595673759], [0.13847557941603975, 0.6163143740682725, 0.7752297119062359], [-0.5155521051916843, 0.7132058011460691, -0.47491421545792467]], "fy": 995.8631376270869, "fx": 995.8631376270872}, {"id": 46, "img_name": "0051.jpg", "width": 640, "height": 1129, "position": [-1.2509701811009533, -2.1908442131671637, 3.966107337838656], "rotation": [[-0.8951493928421592, -0.2989507110582412, 0.3306600018933124], [0.09101939007467047, 0.6035725159579232, 0.7920957572229873], [-0.43637487911742623, 0.739140507845426, -0.513077259813039]], "fy": 993.8637531961299, "fx": 993.8637531961298}, {"id": 47, "img_name": "0052.jpg", "width": 640, "height": 1129, "position": [-0.7092117328676969, -2.252332788707325, 4.001142221887867], "rotation": [[-0.9450544932044667, -0.24785677282716417, 0.21316431464424765], [0.028977377047067456, 0.585974258296277, 0.8098113855914846], [-0.32562603780029686, 0.7714928313197937, -0.5465953665451692]], "fy": 992.5331551753501, "fx": 992.5331551753502}, {"id": 48, "img_name": "0053.jpg", "width": 640, "height": 1129, "position": [-0.31875001563316796, -2.374636760697024, 4.069571756414906], "rotation": [[-0.9715856430446635, -0.2048185088160578, 0.1186200517444376], [-0.020550583533988826, 0.5722727803758939, 0.8198057930737356], [-0.23579442687624982, 0.7940738273531058, -0.5602211571932015]], "fy": 993.2259342211489, "fx": 993.2259342211491}, {"id": 49, "img_name": "0054.jpg", "width": 640, "height": 1129, "position": [0.026699055667091305, -2.3561294154844923, 4.089299489845942], "rotation": [[-0.9874257829890248, -0.15671510101190286, 0.020753317887519152], [-0.07130010228679565, 0.5586723880343212, 0.8263180127904277], [-0.14109081650626237, 0.8144479970893527, -0.562821322921172]], "fy": 994.702821738181, "fx": 994.702821738181}, {"id": 50, "img_name": "0055.jpg", "width": 640, "height": 1129, "position": [0.3886409109326773, -2.2359828987760606, 4.013270818612523], "rotation": [[-0.9912890237138428, -0.10298859264553681, -0.08209397815521016], [-0.1254150924594276, 0.5478199159767648, 0.8271423059199691], [-0.04021350578909606, 0.8302329127685206, -0.555964193548513]], "fy": 993.4469501192135, "fx": 993.4469501192134}, {"id": 51, "img_name": "0056.jpg", "width": 640, "height": 1129, "position": [0.7194913807008299, -2.0391728024953473, 3.81889220601299], "rotation": [[-0.9811151617270722, -0.04517835583744532, -0.18807433528550893], [-0.18276824946562797, 0.5348185040815722, 0.8249635959721004], [0.06331513576176591, 0.8437583089106585, -0.5329757121367678]], "fy": 992.8707605854145, "fx": 992.8707605854144}, {"id": 52, "img_name": "0057.jpg", "width": 640, "height": 1129, "position": [1.0324786233265963, -1.925390836601089, 3.6409330568164373], "rotation": [[-0.9569008499183077, 0.015434972840348863, -0.29000435348290454], [-0.2386680429987628, 0.5271497212488572, 0.815567738841105], [0.16546397999794532, 0.8496322339698922, -0.5007461815356852]], "fy": 994.1593213029419, "fx": 994.1593213029419}, {"id": 53, "img_name": "0058.jpg", "width": 640, "height": 1129, "position": [1.40100360240342, -1.8770193321875859, 3.4647802318420267], "rotation": [[-0.9120695159203549, 0.07869564154793042, -0.40241296466461957], [-0.30420819498301044, 0.5281689972355369, 0.792776692684886], [0.27493012245657517, 0.8454847759484299, -0.4577869825644293]], "fy": 992.073945125582, "fx": 992.0739451255821}, {"id": 54, "img_name": "0059.jpg", "width": 640, "height": 1129, "position": [1.8708255716226136, -1.7216254495283625, 3.2694484734357285], "rotation": [[-0.8439220021451398, 0.15794606789794094, -0.5126877157987277], [-0.36003562686733515, 0.5417326220634928, 0.7595394088383155], [0.39770592361892604, 0.8255778617597446, -0.4003138674722932]], "fy": 986.817016900854, "fx": 986.817016900854}, {"id": 55, "img_name": "0060.jpg", "width": 640, "height": 1129, "position": [2.0243380556267843, -1.501319911154452, 3.0049021241292535], "rotation": [[-0.7890799217181367, 0.19807227895983637, -0.5814810826234644], [-0.39786117995103937, 0.5564326335861866, 0.7294444500908258], [0.46803777478881575, 0.8069387192271775, -0.3602645483290527]], "fy": 982.5967640620675, "fx": 982.5967640620675}, {"id": 56, "img_name": "0061.jpg", "width": 640, "height": 1129, "position": [2.304324662331467, -1.1405550915896545, 2.4340868696201476], "rotation": [[-0.6735657678341866, 0.2516129763416692, -0.6949820620263721], [-0.4704540720293758, 0.5792659170465676, 0.665675569222108], [0.5700720327405304, 0.7753334169792281, -0.27180134290027613]], "fy": 981.0442485756857, "fx": 981.0442485756856}, {"id": 57, "img_name": "0062.jpg", "width": 640, "height": 1129, "position": [2.519417848846234, -0.9318490484826035, 2.1058214019355175], "rotation": [[-0.5860383774358445, 0.2863083503263108, -0.758014873670556], [-0.512618484389345, 0.5934857189717292, 0.6204812574437526], [0.6275199675187502, 0.7521982650272707, -0.20103845516525062]], "fy": 980.7771669327909, "fx": 980.777166932791}, {"id": 58, "img_name": "0063.jpg", "width": 640, "height": 1129, "position": [2.640296259934551, -0.6341493892380701, 1.6374741830125648], "rotation": [[-0.4438139940845406, 0.33485751452873924, -0.8312036956236191], [-0.5640403927671953, 0.6163845333574601, 0.5494802474745876], [0.6963386920039375, 0.7126994822513493, -0.08468691762547312]], "fy": 982.8797162933722, "fx": 982.8797162933722}, {"id": 59, "img_name": "0064.jpg", "width": 640, "height": 1129, "position": [2.6867781209458284, -0.26249304188070655, 1.0592494019122107], "rotation": [[-0.2216978753520203, 0.38964828750656716, -0.8938815716344076], [-0.6154177948300429, 0.6551526585768578, 0.43821904541701756], [0.7563801887086457, 0.6472628569622039, 0.09455053741887741]], "fy": 996.8673399174595, "fx": 996.8673399174595}, {"id": 60, "img_name": "0065.jpg", "width": 640, "height": 1129, "position": [0.15419791712207623, 1.3365019659631285, 2.2576164002991295], "rotation": [[-0.19051851532678793, 0.05130393468437661, -0.9803420839704767], [-0.6508245539994761, 0.7410239214264752, 0.16526024260272662], [0.7349354360956202, 0.6695158356302189, -0.10778891692242877]], "fy": 212.67592672557709, "fx": 212.67592672557703}, {"id": 61, "img_name": "0066.jpg", "width": 640, "height": 1129, "position": [2.775428503624395, 0.18178820091238887, 0.33669834137728183], "rotation": [[0.10920585774019116, 0.44919447889320085, -0.8867346845404745], [-0.6279788295383616, 0.7226796984838239, 0.2887501394821459], [0.7705301228938803, 0.5253174026540481, 0.36100547943479533]], "fy": 997.9672747372828, "fx": 997.9672747372828}, {"id": 62, "img_name": "0067.jpg", "width": 640, "height": 1129, "position": [2.648773475460866, 0.36559143403374356, 0.11312042342218781], "rotation": [[0.23384089584165205, 0.4558146651051616, -0.8588081430139346], [-0.6229642547076929, 0.7484087568838949, 0.22759584788829534], [0.7464810598993538, 0.48178555778953414, 0.4589648172975408]], "fy": 998.4291230671134, "fx": 998.4291230671136}, {"id": 63, "img_name": "0068.jpg", "width": 640, "height": 1129, "position": [2.566937235459186, 0.4935920420380821, -0.12655797603499913], "rotation": [[0.3476924134226796, 0.45470566545762925, -0.819971184523607], [-0.6120033345145552, 0.7726024512236199, 0.1689300769736385], [0.7103252101617805, 0.44308939297165373, 0.5469093943649473]], "fy": 1003.0933868385176, "fx": 1003.0933868385177}, {"id": 64, "img_name": "0069.jpg", "width": 640, "height": 1129, "position": [2.5379099371203133, 0.7398698248489264, -0.5958732842878368], "rotation": [[0.4742892415464911, 0.4397010089466657, -0.7627009493140404], [-0.5830331373803642, 0.806006769418052, 0.10210508493059574], [0.6596378370512592, 0.3962525840717748, 0.6386405981041114]], "fy": 1006.381437541685, "fx": 1006.3814375416852}, {"id": 65, "img_name": "0070.jpg", "width": 640, "height": 1129, "position": [2.4030432300575906, 0.8670776819905841, -0.8528775595331032], "rotation": [[0.5577203129390288, 0.4210540218566852, -0.7153052238125357], [-0.5516494549682576, 0.8319444159838363, 0.05959335152966211], [0.6201862070123907, 0.36136131418792405, 0.696266521699816]], "fy": 1003.9600964066032, "fx": 1003.9600964066033}, {"id": 66, "img_name": "0071.jpg", "width": 640, "height": 1129, "position": [2.0373236699977735, 1.0510057879204813, -1.1428443668924306], "rotation": [[0.6622917095913925, 0.3881158160280625, -0.6408867331716125], [-0.500378944132454, 0.8657764377599143, 0.007216099267888738], [0.5576653151088035, 0.315907064132198, 0.7676015393131871]], "fy": 1002.4542502545968, "fx": 1002.4542502545968}, {"id": 67, "img_name": "0072.jpg", "width": 640, "height": 1129, "position": [1.7899511771537662, 1.1439878194325894, -1.3182367690575971], "rotation": [[0.735519800874131, 0.3564763048554279, -0.5761382356680544], [-0.45410870505947876, 0.8904819464674708, -0.02876085890072984], [0.502788132826623, 0.2827835693461067, 0.8168460971300491]], "fy": 1005.585522561612, "fx": 1005.5855225616122}, {"id": 68, "img_name": "0073.jpg", "width": 640, "height": 1129, "position": [1.532528306901368, 1.225491767436887, -1.5413542011283061], "rotation": [[0.8012541817167882, 0.3201601142934862, -0.5054594320981082], [-0.4016309326834965, 0.9139791411999394, -0.057747063676051875], [0.4434910711538, 0.24927821939953587, 0.8609158142001178]], "fy": 1008.1318137838849, "fx": 1008.1318137838847}, {"id": 69, "img_name": "0074.jpg", "width": 640, "height": 1129, "position": [1.2981705338632537, 1.2853992651014126, -1.6662459532622174], "rotation": [[0.857675077560962, 0.2801229378673226, -0.4311897505871146], [-0.3447699342605287, 0.9354349096299601, -0.0780719045212731], [0.38148021411442645, 0.21562158872934822, 0.8988771755434907]], "fy": 1004.914021040432, "fx": 1004.9140210404324}, {"id": 70, "img_name": "0075.jpg", "width": 640, "height": 1129, "position": [1.0030813908386984, 1.285196735672441, -1.700197662462067], "rotation": [[0.9027413761300784, 0.2408051351873068, -0.35647004739556354], [-0.28879912445360134, 0.9533991935619708, -0.08732149466321075], [0.3188307913887956, 0.1817769638397747, 0.9302172122034656]], "fy": 1005.7674486813587, "fx": 1005.7674486813587}, {"id": 71, "img_name": "0076.jpg", "width": 640, "height": 1129, "position": [0.7060483584966952, 1.2766277010922058, -1.7157220864031528], "rotation": [[0.935783280984406, 0.20600596045969116, -0.2861314300896362], [-0.23901442629889738, 0.9672631328201358, -0.08528854499864227], [0.2591944348381523, 0.14820113407817306, 0.9543870644591085]], "fy": 1007.4863604039209, "fx": 1007.4863604039207}, {"id": 72, "img_name": "0077.jpg", "width": 640, "height": 1129, "position": [0.5524271462446826, 1.2385601859528945, -1.7770079271172716], "rotation": [[0.9569947364399406, 0.1777181114095817, -0.2292975082796587], [-0.19968685337615885, 0.9768868263605098, -0.07627115491468187], [0.21044294954922363, 0.11877879171090466, 0.970363521379859]], "fy": 1008.6079790936894, "fx": 1008.6079790936896}, {"id": 73, "img_name": "0078.jpg", "width": 640, "height": 1129, "position": [0.47023703989497867, 1.20389396777751, -1.891238513704048], "rotation": [[0.9698388306344642, 0.1567938391885446, -0.18662351027159535], [-0.17086467443292364, 0.9833566287060904, -0.06176571711494255], [0.17383298198128702, 0.0917901561841405, 0.9804879711670025]], "fy": 1008.9000666276588, "fx": 1008.9000666276587}, {"id": 74, "img_name": "0079.jpg", "width": 640, "height": 1129, "position": [0.43591076565047276, 1.1372235094204437, -1.995911845276386], "rotation": [[0.9768936582553774, 0.14171479331999567, -0.15998655510603546], [-0.15235318997249267, 0.986724014157241, -0.056251447898045745], [0.14989091355259382, 0.07932614474239816, 0.9855151327070918]], "fy": 1010.9799732337156, "fx": 1010.9799732337154}]